2018-06-23 23:27:21.582077 CST | [experiment_2018_06_23_23_27_19_0001] observation space: Box(3,)
2018-06-23 23:27:21.582187 CST | [experiment_2018_06_23_23_27_19_0001] action space: Box(1,)
2018-06-23 23:27:22.420086 CST | [experiment_2018_06_23_23_27_19_0001] observation space: Box(3,)
2018-06-23 23:27:22.420204 CST | [experiment_2018_06_23_23_27_19_0001] action space: Box(1,)
2018-06-23 23:27:22.420984 CST | [experiment_2018_06_23_23_27_19_0001] observation space: Box(3,)
2018-06-23 23:27:22.421059 CST | [experiment_2018_06_23_23_27_19_0001] action space: Box(1,)
2018-06-23 23:27:22.421783 CST | [experiment_2018_06_23_23_27_19_0001] observation space: Box(3,)
2018-06-23 23:27:22.421859 CST | [experiment_2018_06_23_23_27_19_0001] action space: Box(1,)
2018-06-23 23:27:22.422649 CST | [experiment_2018_06_23_23_27_19_0001] observation space: Box(3,)
2018-06-23 23:27:22.422755 CST | [experiment_2018_06_23_23_27_19_0001] action space: Box(1,)
2018-06-23 23:27:22.423659 CST | [experiment_2018_06_23_23_27_19_0001] observation space: Box(3,)
2018-06-23 23:27:22.423733 CST | [experiment_2018_06_23_23_27_19_0001] action space: Box(1,)
2018-06-23 23:27:22.424470 CST | [experiment_2018_06_23_23_27_19_0001] observation space: Box(3,)
2018-06-23 23:27:22.424548 CST | [experiment_2018_06_23_23_27_19_0001] action space: Box(1,)
2018-06-23 23:27:22.425600 CST | [experiment_2018_06_23_23_27_19_0001] observation space: Box(3,)
2018-06-23 23:27:22.425720 CST | [experiment_2018_06_23_23_27_19_0001] action space: Box(1,)
2018-06-23 23:27:22.426706 CST | [experiment_2018_06_23_23_27_19_0001] observation space: Box(3,)
2018-06-23 23:27:22.426785 CST | [experiment_2018_06_23_23_27_19_0001] action space: Box(1,)
2018-06-23 23:27:22.427507 CST | [experiment_2018_06_23_23_27_19_0001] observation space: Box(3,)
2018-06-23 23:27:22.427582 CST | [experiment_2018_06_23_23_27_19_0001] action space: Box(1,)
2018-06-23 23:27:22.428303 CST | [experiment_2018_06_23_23_27_19_0001] observation space: Box(3,)
2018-06-23 23:27:22.428381 CST | [experiment_2018_06_23_23_27_19_0001] action space: Box(1,)
2018-06-23 23:27:22.429104 CST | [experiment_2018_06_23_23_27_19_0001] observation space: Box(3,)
2018-06-23 23:27:22.429180 CST | [experiment_2018_06_23_23_27_19_0001] action space: Box(1,)
2018-06-23 23:27:22.429909 CST | [experiment_2018_06_23_23_27_19_0001] observation space: Box(3,)
2018-06-23 23:27:22.429984 CST | [experiment_2018_06_23_23_27_19_0001] action space: Box(1,)
2018-06-23 23:27:22.430710 CST | [experiment_2018_06_23_23_27_19_0001] observation space: Box(3,)
2018-06-23 23:27:22.430799 CST | [experiment_2018_06_23_23_27_19_0001] action space: Box(1,)
2018-06-23 23:27:22.431535 CST | [experiment_2018_06_23_23_27_19_0001] observation space: Box(3,)
2018-06-23 23:27:22.431612 CST | [experiment_2018_06_23_23_27_19_0001] action space: Box(1,)
2018-06-23 23:27:22.432352 CST | [experiment_2018_06_23_23_27_19_0001] observation space: Box(3,)
2018-06-23 23:27:22.432431 CST | [experiment_2018_06_23_23_27_19_0001] action space: Box(1,)
2018-06-23 23:27:22.433166 CST | [experiment_2018_06_23_23_27_19_0001] observation space: Box(3,)
2018-06-23 23:27:22.433241 CST | [experiment_2018_06_23_23_27_19_0001] action space: Box(1,)
2018-06-23 23:27:22.433990 CST | [experiment_2018_06_23_23_27_19_0001] observation space: Box(3,)
2018-06-23 23:27:22.434068 CST | [experiment_2018_06_23_23_27_19_0001] action space: Box(1,)
2018-06-23 23:27:22.434812 CST | [experiment_2018_06_23_23_27_19_0001] observation space: Box(3,)
2018-06-23 23:27:22.434892 CST | [experiment_2018_06_23_23_27_19_0001] action space: Box(1,)
2018-06-23 23:27:22.435633 CST | [experiment_2018_06_23_23_27_19_0001] observation space: Box(3,)
2018-06-23 23:27:22.435711 CST | [experiment_2018_06_23_23_27_19_0001] action space: Box(1,)
2018-06-23 23:27:22.436437 CST | [experiment_2018_06_23_23_27_19_0001] observation space: Box(3,)
2018-06-23 23:27:22.436512 CST | [experiment_2018_06_23_23_27_19_0001] action space: Box(1,)
2018-06-23 23:27:22.436772 CST | [experiment_2018_06_23_23_27_19_0001] itr #0 | Obtaining samples...
2018-06-23 23:27:22.436851 CST | [experiment_2018_06_23_23_27_19_0001] itr #0 | Obtaining samples for iteration 0...
